#INPUT S/N of unit
UnitID: 20_04_
Unit_Start_Time: '2020-6-30 17:00:00'
Unit_Release_Time: '2020-6-30 22:00:00'
Unit_Deploy_Time: '2020-6-30 16:45:00'
Deploy_LatN: 47.687
Deploy_LonW: 122.259
Deploy_Depth: 10
############################################################
#The following are constants that are unit specific

sample_interval: 
  bottom: 3600
  ice: 3600
  sst: 3600

sst_temp_cal: 
  Acoef: 2.74583712e-04
  Bcoef: 3.62810443e-04
  Ccoef: -3.00857817e-07

ttp_temp_cal: 
  Acoef: 1.18918103e-03
  Bcoef: 2.29957688e-04
  Ccoef: 1.10736407e-07

par_cal: 
  offset:  5460
  slope:  0.01312

fluor_cal: 
  offset:  0
  slope:  0