#INPUT S/N of unit
UnitID: 20_06_
Unit_Start_Time: '2020-6-30 00:00:00'
Unit_Release_Time: '2020-6-30 17:00:00'
Unit_Deploy_Time: '2020-6-30 00:00:00'
Deploy_LatN: 47.687
Deploy_LonW: 122.259
Deploy_Depth: 10
############################################################
#The following are constants that are unit specific


sample_interval: 
  bottom: 3600
  ice: 3600
  sst: 3600

sst_temp_cal: 
  Acoef: 1.11136268e-03
  Bcoef: 2.39598353e-04
  Ccoef: 9.23343189e-08

ttp_temp_cal: 
  Acoef: 1.19172599e-03
  Bcoef: 2.29615834e-04
  Ccoef: 1.11338324e-07

par_cal: 
  offset:  5464
  slope:  0.01337

fluor_cal: 
  offset:  0
  slope:  0
  