#INPUT S/N of unit
UnitID: 20_17_
Unit_Start_Time: '2020-6-18 02:00:00'
Unit_Release_Time: '2020-6-18 16:00:00'
Unit_Deploy_Time: '2020-6-18 01:45:00'
Deploy_LatN: 47.687
Deploy_LonW: 122.259
Deploy_Depth: 100
############################################################
#The following are constants that are unit specific

sample_interval: 
  bottom: 3600
  ice: 3600
  sst: 3600

sst_temp_cal: 
  Acoef: 1.05344491e-03
  Bcoef: 2.48195744e-04
  Ccoef: 6.38305881e-08

ttp_temp_cal: 
  Acoef: 1.17860049e-03
  Bcoef: 2.31483754e-04
  Ccoef: 1.04966198e-07

par_cal: 
  offset:  0
  slope:  0

fluor_cal: 
  offset:  0
  slope:  0