#INPUT S/N of unit
UnitID: 20_09_
Unit_Start_Time: '2020-5-19 23:00:00'
Unit_Release_Time: '2020-5-20 17:00:00'
Unit_Deploy_Time: '2020-5-19 22:45:00'
Deploy_LatN: 47.687
Deploy_LonW: 122.259
Deploy_Depth: 10
############################################################
#The following are constants that are unit specific

sample_interval: 
  bottom: 3600
  ice: 3600
  sst: 3600

sst_temp_cal: 
  Acoef: 1.30678370e-03
  Bcoef: 2.09138243e-04
  Ccoef: 2.00591430e-07

ttp_temp_cal: 
  Acoef: 1.20827705e-03
  Bcoef: 2.27004759e-04
  Ccoef: 1.19770771e-07

par_cal: 
  offset:  5467
  slope:  0.01375

fluor_cal: 
  offset:  0
  slope:  0