#INPUT S/N of unit
UnitID: 20_10_
Unit_Start_Time: '2020-6-01 23:00:00'
Unit_Release_Time: '2020-6-02 17:00:00'
Unit_Deploy_Time: '2020-6-01 22:45:00'
Deploy_LatN: 47.687
Deploy_LonW: 122.259
Deploy_Depth: 10
############################################################
#The following are constants that are unit specific

sample_interval: 
  bottom: 3600
  ice: 3600
  sst: 3600

sst_temp_cal: 
  Acoef: 8.74893782e-04
  Bcoef: 2.74842774e-04
  Ccoef: -2.28571354e-08

ttp_temp_cal: 
  Acoef: 1.20615346e-03
  Bcoef: 2.27484780e-04
  Ccoef: 1.17434189e-07

par_cal: 
  offset:  5463
  slope:  0.01446

fluor_cal: 
  offset:  0
  slope:  0