IMEI: 300434063924230
UnitID: 2001
Unit_Start_Time: '2020-03-05 20:00:00'
Unit_Release_Time: '3000-03-03 20:00:00' 
############################################################
sample_interval: 
  bottom: 30

underside_temp_cal: 
  Acoef: 1.25309251e-03
  Bcoef: 2.15822571e-04
  Ccoef: 1.89131548e-07
  
topside_temp_cal: 
  Acoef: 1.17698438e-03
  Bcoef: 2.32627718e-04
  Ccoef: 9.73891824e-08

par_cal: 
  offset:  5458
  slope:  0.01415

fluor_cal: 
  offset:  40
  slope:  0.020920502