#INPUT S/N of unit
UnitID: 20_02_
Unit_Start_Time: '2020-8-3 23:00:00'
Unit_Release_Time: '2020-8-4 01:00:00'
Unit_Deploy_Time: '2020-8-3 23:00:00'
Deploy_LatN: 47.687
Deploy_LonW: 122.259
Deploy_Depth: 10
############################################################
#The following are constants that are unit specific


sample_interval: 
  bottom: 3600
  ice: 3600
  sst: 3600

sst_temp_cal: 
  Acoef: 1.05956582e-03
  Bcoef: 2.38596078e-04
  Ccoef: 1.53422045e-06

ttp_temp_cal: 
  Acoef: 1.26248533e-03
  Bcoef: 2.05294129e-04
  Ccoef: 2.84326573e-06

par_cal: 
  offset:  5465
  slope:  0.01355

fluor_cal: 
  offset:  0
  slope:  0
  