#INPUT S/N of unit
UnitID: 20_16_
Unit_Deploy_Time: '2020-5-19 22:45:00'
Unit_Start_Time: '2020-5-19 23:00:00'
Unit_Release_Time: '2020-5-20 17:00:00'
Deploy_LatN: 47.687
Deploy_LonW: 122.259
Deploy_Depth: 10
############################################################
#The following are constants that are unit specific

sample_interval: 
  bottom: 3600
  ice: 3600
  sst: 3600

sst_temp_cal: 
  Acoef: 1.21487479e-03
  Bcoef: 2.23683372e-04
  Ccoef: 1.48675026e-07

ttp_temp_cal: 
  Acoef: 1.19245521e-03
  Bcoef: 2.30016101e-04
  Ccoef: 1.07853279e-07

par_cal: 
  offset:  0
  slope:  0

fluor_cal: 
  offset:  0
  slope:  0