#INPUT S/N of unit
UnitID: 20_07_
Unit_Start_Time: '2020-6-30 00:00:00'
Unit_Release_Time: '2020-6-30 17:00:00'
Unit_Deploy_Time: '2020-6-30 00:00:00'
Deploy_LatN: 47.687
Deploy_LonW: 122.259
Deploy_Depth: 10
############################################################
#The following are constants that are unit specific


sample_interval: 
  bottom: 3600
  ice: 3600
  sst: 3600

sst_temp_cal: 
  Acoef: 1.10229216e-03
  Bcoef: 2.37313424e-04
  Ccoef: 1.30379110e-07

ttp_temp_cal: 
  Acoef: 1.19770835e-03
  Bcoef: 2.28621235e-04
  Ccoef: 1.14542981e-07

par_cal: 
  offset:  5270
  slope:  0.01343

fluor_cal: 
  offset:  0
  slope:  0
  