IMEI: 300434063479200
UnitID: 2002
Unit_Start_Time: 'yyyy-mm-dd hh:mm:ss'
Unit_Release_Time: 'yyyy-mm-dd hh:mm:ss' 
############################################################
sample_interval: 
  bottom: 3600

underside_temp_cal: 
  Acoef: 1.44995476e-03
  Bcoef: 1.57542044e-04
  Ccoef: 5.75074298e-06
  
topside_temp_cal: 
  Acoef: 1.27815016e-03
  Bcoef: 2.02657535e-04
  Ccoef: 2.95925069e-06

par_cal: 
  offset:  5458
  slope:  0.01415

fluor_cal: 
  offset:  40
  slope:  0.020920502