#INPUT S/N of unit
UnitID: 20_12_
Unit_Start_Time: '2020-5-18 23:00:00'
Unit_Release_Time: '2020-5-19 23:00:00'
Unit_Deploy_Time: '2020-5-18 22:45:00'
Deploy_LatN: 47.687
Deploy_LonW: 122.259
Deploy_Depth: 10
############################################################
#The following are constants that are unit specific

sample_interval: 
  bottom: 3600
  ice: 3600
  sst: 3600

sst_temp_cal: 
  Acoef: 9.93981074e-04
  Bcoef: 2.55792330e-04
  Ccoef: 4.94881066e-08

ttp_temp_cal: 
  Acoef: 1.18140387e-03
  Bcoef: 2.31052006e-04
  Ccoef: 1.07055869e-07

par_cal: 
  offset:  0
  slope:  0

fluor_cal: 
  offset:  0
  slope:  0